structure(list(Assets = c(8.71872035290403, 10.98557572957, 8.92092199354223, 
11.0242015355791, 7.44858193142087, 9.26263677668406, 6.78776991771851, 
9.19968394991393, 11.3266206720146, 7.24925083629515, 9.01751504189849, 
9.64521521647814, 8.53448088005774, 10.5812196423237, 7.0059391272208, 
9.94657988897703, 8.72707728508569, 10.1494333224183, 9.92322620427831, 
7.92953584961186, 6.98344021301946, 8.3394559935974, 8.97488703325675, 
9.88663165085128, 9.57477568986289, 9.83245055285265, 9.28938357450006, 
9.4309676266154, 12.0324498809893, 7.90607905896076, 8.58152744540806, 
5.18251712655414, 10.0177419312066, 10.0603608059029, 8.51537970114989, 
12.4953185706704, 9.24667647431838, 10.0195731779798, 7.32338561160739, 
9.70579843599218, 10.0050561240344, 12.3534813956683, 8.74313664482, 
9.45036655842702, 11.4511873465841, 9.76797343953733, 10.6138098442429, 
11.5094373442355, 9.70074873827222, 7.40706020935067, 9.1224303037423, 
10.1224422113725, 10.3044177401556, 9.59745253068017, 9.49118915305373, 
8.81285665796709, 9.53576693660318, 6.27766967990224, 10.5850978075136, 
10.8753010461393, 7.39124900397452, 8.39413076719069, 7.36604606527296, 
11.7553453723336, 8.87333640716654, 11.0384793591964, 7.83379952961113, 
9.83114062957032, 8.36335429197075, 9.14194636542523, 10.025769807004
), Sales = c(7.53369370984863, 8.48632152774915, 5.90536184805457, 
8.72111314776269, 7.46965417293213, 7.42595365707754, 7.16626597413364, 
5.6021188208797, 9.11426990322545, 6.29526600143965, 6.94505106372583, 
6.30991827822652, 6.55250788703459, 7.13409372119287, 5.32300997913841, 
7.84658997529119, 7.30451594646016, 9.081711229379, 8.85779972717591, 
7.37838371299671, 5.17048399503815, 7.05185562295589, 7.03878354138854, 
6.11589212548303, 5.57594910314632, 6.26720054854136, 7.41034709782102, 
7.84932381804056, 10.2500869077773, 7.71735127218533, 8.79709507654906, 
8.4724050086261, 8.79042130689787, 8.33134542484572, 6.11146733950268, 
10.8208976576782, 7.21081845347222, 9.74823626726484, 6.32256523992728, 
5.87493073085203, 8.53306654057253, 8.07775756373692, 5.87211778947542, 
6.3919171133926, 7.17165682276851, 8.37031599555548, 6.78219205600679, 
7.83042561782033, 8.10319175228579, 8.15593633797239, 7.38832785957711, 
9.65733122691285, 8.37701116081637, 6.61873898351722, 7.45818615734049, 
6.55961523749324, 7.46106551435428, 5.74300318780948, 7.00033446027523, 
6.94408720822953, 8.21311069759668, 8.5414954839392, 6.51025834052315, 
8.65189889426853, 7.67275789664251, 9.6152720044782, 7.88683299895506, 
7.71199650704767, 7.17548971362422, 7.93951526066241, 8.69249013327323
), MarketValue = c(7.54433210805369, 8.4277060249147, 4.49980967033027, 
7.80302664363222, 7.22256601882217, 6.97541392745595, 6.09582456243222, 
5.71702770140622, 9.27199975236291, 6.86589107488344, 6.16961073249146, 
5.92958914338989, 6.5206211275587, 7.60190195987517, 6.74875954749168, 
7.54538974961182, 6.8501261661455, 8.40267980462748, 8.98180732337753, 
6.99668148817654, 6.98841318199959, 6.95177216439891, 6.52649485957079, 
5.90536184805457, 5.19849703126583, 5.84643877505772, 7.27378631784489, 
6.18001665365257, 10.4094614255711, 6.68085467879022, 6.7202201551353, 
8.00235954625271, 9.15503905619109, 8.03592636989179, 6.65801104587075, 
11.4689422289873, 6.53233429222235, 7.64539769942863, 6.94697599213542, 
5.35185813347607, 7.89095671613892, 7.25347038268453, 5.19849703126583, 
6.57507584059962, 6.55393340402581, 8.27893600229198, 6.89568269774787, 
6.8351845861473, 7.0184017990692, 6.94312242281943, 6.45990445437753, 
7.9208096792886, 8.01400499477946, 7.02108396428914, 5.88887795833288, 
5.61677109766657, 7.3178761986265, 6.78332520060396, 6.40687998606931, 
6.7202201551353, 6.29526600143965, 6.8134445995109, 6.76388490856244, 
7.55747290161475, 4.61512051684126, 8.58988587680968, 5.83188247728352, 
7.743269700829, 5.73334127689775, 6.12468339089421, 7.56060116276856
), Profits = c(5.12185007584099, 6.32727692767797, 3.09860702882542, 
5.09228582246961, 4.80541051240792, 3.62149931693152, 4.04479449242931, 
3.36363126171052, 6.67538540762375, 4.00780061072775, 3.93593734193581, 
3.49647604266731, 4.35671880401664, 5.43638698840973, 3.48179275058462, 
5.38152325766557, 3.81943522730259, 5.71364826351709, 6.12417467073976, 
4.45671079066531, 4.06104769821785, 3.64369920922908, 3.67435972487292, 
2.96404425458658, 3.23615235365971, 3.90188890507659, 5.06263829934486, 
4.1403847702793, 7.58366060552509, 4.22639122080945, 4.29466652023455, 
4.96616889074438, 6.18571166452346, 3.93881678217064, 4.60175224140136, 
8.73758090628279, 4.40638680658995, 5.42468923152984, 4.25930323595907, 
2.86811615146736, 5.13620339990417, 5.52075379070366, 5.33770069514103, 
4.56599059634159, 4.77855033971973, 5.83124534045362, 4.51662277771641, 
4.66489639145283, 4.81888348064652, 4.58888893354824, 4.13690590309467, 
6.4768348595214, 5.27755083102405, 5.02079695269121, 4.06149581286324, 
4.01865753267302, 5.31467905334814, 4.29118812434532, 4.54609802420663, 
4.73634458430011, 3.70683766737985, 4.12851023298921, 4.50550263663446, 
5.00112242473067, 2.11643082151741, 5.83497064120417, 4.1793244477591, 
5.33197026120726, 3.53231757260222, 3.54652944049286, 4.80646205792207
), CashFlow = c(5.86419919606211, 6.80117179357935, 3.20274644293832, 
6.52576252705911, 4.78331637137157, 5.10291057020543, 4.91998092582813, 
3.36384159511839, 7.85430359801699, 4.28358656186063, 4.51852237926242, 
3.62434093297637, 4.9119193211571, 6.01102204632351, 3.92197333628131, 
6.36009276516417, 4.748404354074, 6.12358870003502, 6.62632031929082, 
4.67095792652609, 4.04305126783455, 4.25985900069967, 4.49088103958596, 
3.93963817246112, 3.26575941076705, 4.02891675689965, 5.76925805661511, 
5.10533922956555, 8.17807746384961, 4.54116485601218, 4.89783979995091, 
5.91754886415781, 6.67456139181443, 6.26244542783635, 4.87060664949255, 
9.19766031881881, 5.04084113615332, 5.96717185453894, 4.15418456257812, 
3.54961738678043, 5.89026204159882, 5.50817302353531, 5.71702770140622, 
5.14981735822959, 4.87824610605051, 6.33912397311976, 4.77912349311153, 
5.10412563718359, 5.54712866461082, 5.54946511427184, 4.83945148171276, 
7.28756064030972, 6.25709271002835, 5.34329073219077, 4.98154971320116, 
4.35414143118435, 5.81472736860793, 4.10429489307527, 4.58087749341905, 
4.772378104972, 4.57367951889672, 4.89260222718466, 4.62104353514438, 
5.77610313623583, 2.72129542785223, 6.56625039983285, 4.61214579972452, 
5.3890717298165, 4.53044663979215, 4.53796143629464, 5.66296048013595
), Employees = c(2.90142159408275, 3.15273602236366, 0.0953101798043249, 
3.90197266957464, 1.56861591791385, 3.03495298670727, 2.96527306606928, 
0.741937344729377, 4.37449836825309, 1.02961941718116, 1.33500106673234, 
1.41098697371026, 1.02961941718116, 1.82454929205105, 1.33500106673234, 
3.08648663682246, 2.53369681395743, 4.85203026391962, 4.46935046284556, 
2.77258872223978, -0.356674943938732, 3.11351530921037, 2.73436750941958, 
1.09861228866811, 0.741937344729377, 1.41098697371026, 1.85629799036563, 
3.28091121578765, 5.71702770140622, 2.92316158071916, 4.17438726989564, 
4.19268046294296, 4.4188406077966, 4.12713438504509, 0.470003629245736, 
5.99196442214963, 1.52605630349505, 5.10351828824297, 0.641853886172395, 
0.8754687373539, 4.34769395559338, 2.76000994003292, -0.510825623765991, 
1.25276296849537, 2.19722457733622, 4.12713438504509, 2.00148000021012, 
2.74727091425549, 3.22684399451738, 3.23474917402449, 1.25276296849537, 
3.30688670219091, 3.62434093297637, 1.22377543162212, 2.66025953726586, 
1.80828877117927, 1.58923520511658, 1.19392246847243, 1.94591014905531, 
2.10413415427021, 3.77276093809464, 3.88156379794344, 1.68639895357023, 
3.90197266957464, 0.955511445027436, 5.21927415920758, 0.832909122935104, 
2.07944154167984, 2.33214389523559, 3.91202300542815, 4.77153172320332
),